8 4781
7446 19703 10297 3376 5067 21098 1644 9527 14612 
12 5232
18657 3625 20341 27991 28368 6071 6400 21848 810 9941 29531 27238 9700 
2 147
17158 7745 30637 
11 8512
10133 19900 32493 4248 31567 28081 2536 31321 15414 21954 24993 4784 
11 7287
12955 25631 11216 30387 19480 5616 21951 3067 24380 16074 8862 1114 
4 7794
12473 19576 32261 17461 26001 
11 8984
8596 29148 10128 13759 21630 22220 17645 10586 1492 20628 6009 13898 
9 8984
5861 3019 16376 15941 14477 22809 15483 10674 10410 29145 
9 9380
9161 4532 26175 27177 1148 837 7635 18653 22863 11829 
12 351
5885 20644 16774 27341 15076 26571 18109 354 29111 3040 22552 20165 5747 
2 3711
28584 7572 4278 
9 875
16520 16729 28584 1765 32100 15671 19453 19549 16086 24467 
3 3530
16474 6727 7534 3749 
5 6726
26340 15619 25744 21537 26359 3398 
5 5094
23650 23817 18814 721 15602 30135 
1 779
16023 16717 
7 7079
30395 15457 14349 18977 978 18788 6509 7435 
3 8723
26569 28003 25894 7316 
11 6467
31038 29648 16859 21864 15593 3676 30418 2288 2629 20652 2544 13733 
5 1225
30541 22927 27829 19699 18652 550 
10 930
24220 17336 10365 6994 1810 16394 1450 29598 31734 66 8084 
3 5932
9732 17244 21545 21495 
8 3424
3926 28778 3292 31146 10563 17183 7046 146 9754 
11 2267
2819 3616 12368 19733 6902 31288 8565 15779 20633 18857 20308 6067 
2 5887
11635 14341 30947 
5 9524
30813 8479 8378 4081 9512 30237 
4 9026
30307 2298 25567 29922 4025 
7 8275
4850 19435 13380 20189 7130 22389 4634 23099 
5 4174
32528 10230 8853 20913 10920 25426 
12 1849
14839 26594 24430 14803 22710 24138 8579 11247 24727 5704 19433 29142 2773 
2 8391
9986 24591 30281 
10 4808
23126 5342 10349 61 28037 758 14459 19793 27088 20927 13916 
1 7807
15317 31178 
7 1406
7176 22245 20978 26126 16736 12840 14987 10335 
6 4251
6434 3584 16773 30795 2279 32117 7449 
12 1973
23209 13351 21773 6444 2950 7877 29397 10028 10947 26523 7659 10593 23805 
2 962
21044 31754 23852 
11 5118
3210 18725 10356 12563 12734 30104 22567 26391 5022 19060 22370 10291 
9 8048
564 14220 10480 7918 8999 21968 27143 10813 11963 24276 
3 4512
21267 27260 2353 21942 
7 9915
12925 32466 19162 20892 17138 19338 5029 28321 
9 359
3347 10729 18337 21820 28118 16055 7990 23233 19898 3569 
9 4017
13089 17862 18366 24716 5295 11411 30763 2821 9030 4872 
9 8412
28725 12679 15684 28772 17324 29900 19887 30380 14196 32211 
8 1328
27100 22774 3969 3782 23799 12375 22164 13362 22020 
1 6992
8939 20782 
6 4240
20769 23926 28908 1117 15102 29933 23450 
3 1324
9510 25314 30184 10393 
7 9623
6967 2935 27695 17553 24313 11142 8004 29129 
9 5764
26190 14658 6714 26183 32760 6479 14907 28691 9829 22224 
6 8845
6506 11934 28640 7917 6394 13865 6603 
1 5568
12127 30626 
2 3764
21456 14021 21896 
6 3311
12168 25076 22246 16477 9281 27686 31861 
6 367
9186 27133 8443 18239 32036 531 23898 
2 8091
9232 32746 9601 
6 7358
10385 27307 5911 3928 27899 1038 25940 
2 8675
25932 9302 16052 
6 5550
10771 1549 13989 26489 7318 14372 16311 
9 2072
14162 28312 30418 31091 28496 25964 18737 9216 14315 11030 
1 1872
20479 2649 
7 6482
1186 27709 12834 31684 22688 12725 16556 18835 
8 605
2925 32312 17604 14154 25700 2436 9614 15646 18832 
5 8337
8185 30980 30749 2767 22198 2878 
8 2161
14899 1973 7276 29508 18867 10161 21317 914 3713 
7 287
12846 25303 25893 24782 26564 8189 7987 15453 
8 644
16219 14391 7662 31959 27938 32155 20177 7993 15895 
4 9703
7889 27747 30919 30975 14878 
10 2528
17010 7107 24561 22385 18311 19318 31560 20579 7436 9752 1291 
12 1149
8485 28635 580 1820 23887 8626 24578 8539 19558 4655 28550 283 28283 
6 9484
15418 27205 26524 29344 15400 1220 19594 
10 378
15395 22655 19708 1156 2531 29971 1034 24129 4150 30393 21368 
8 3992
22237 32472 980 31238 21551 27365 25826 29561 27966 
1 8270
23281 26952 
7 5259
2249 25424 29184 32210 15016 2930 19107 25108 
2 4723
20974 15489 28592 
5 7866
6590 4653 4298 28071 23460 6113 
10 1957
3637 3090 20410 4983 2261 24810 589 27305 12215 31517 19054 
2 7028
8396 9928 12639 
4 391
17493 14481 19911 15962 2606 
10 8449
3363 6050 29686 29234 27071 26757 18272 14076 10896 5066 10924 
12 9463
22613 25603 11103 17159 27658 13697 3658 7254 16682 23865 17180 5682 13791 
9 2136
20221 25109 16464 30409 22738 30604 3406 29928 1896 26667 
7 5646
21817 18072 15338 23636 9187 5381 25503 25981 
6 284
6895 19291 12047 30015 7735 612 908 
5 2303
32513 18529 9978 16497 25593 14979 
9 6933
29997 23715 12377 21087 8839 9814 14665 29628 16173 11890 
7 134
14586 21691 23390 32306 25646 11967 25008 14436 
12 5357
22669 13886 21445 9550 2179 5346 21884 2942 18232 27446 26729 10554 8631 
9 3353
19502 264 12967 31223 26991 32003 17859 9404 20758 20837 
2 44
17710 10532 25541 
5 671
13312 14633 17711 13452 14939 17066 
4 4602
9034 10966 10245 243 8428 
8 8112
2315 30459 3381 28442 19872 4000 12889 19373 2087 
12 6708
10942 28707 29252 19556 22061 841 9148 30075 10149 6370 29736 17105 11543 
2 2558
29599 29031 19351 
9 7683
15717 13107 14410 19437 25854 10189 22407 14675 29876 17717 
1 1604
21323 359 
8 4679
11205 16050 9961 3515 13201 18714 29075 608 8448 
10 653
17688 26104 17646 28541 13550 748 13551 9758 27479 1547 6336 
